11 11 11
-2.59815 -2.34525 -2.17945 -2.12135 -2.12135 -2.12135 -2.12135 -2.12135 -2.17945 -2.34525 -2.59815 
-2.34525 -2.06165 -1.87085 -1.80285 -1.80285 -1.80285 -1.80285 -1.80285 -1.87085 -2.06165 -2.34525 
-2.17945 -1.87085 -1.65835 -1.58115 -1.58115 -1.58115 -1.58115 -1.58115 -1.65835 -1.87085 -2.17945 
-2.12135 -1.80285 -1.58115 -1.50005 -1.50005 -1.50005 -1.50005 -1.50005 -1.58115 -1.80285 -2.12135 
-2.12135 -1.80285 -1.58115 -1.50005 -1.50005 -1.50005 -1.50005 -1.50005 -1.58115 -1.80285 -2.12135 
-2.12135 -1.80285 -1.58115 -1.50005 -1.50005 -1.50005 -1.50005 -1.50005 -1.58115 -1.80285 -2.12135 
-2.12135 -1.80285 -1.58115 -1.50005 -1.50005 -1.50005 -1.50005 -1.50005 -1.58115 -1.80285 -2.12135 
-2.12135 -1.80285 -1.58115 -1.50005 -1.50005 -1.50005 -1.50005 -1.50005 -1.58115 -1.80285 -2.12135 
-2.17945 -1.87085 -1.65835 -1.58115 -1.58115 -1.58115 -1.58115 -1.58115 -1.65835 -1.87085 -2.17945 
-2.34525 -2.06165 -1.87085 -1.80285 -1.80285 -1.80285 -1.80285 -1.80285 -1.87085 -2.06165 -2.34525 
-2.59815 -2.34525 -2.17945 -2.12135 -2.12135 -2.12135 -2.12135 -2.12135 -2.17945 -2.34525 -2.59815 

-2.34525 -2.06165 -1.87085 -1.80285 -1.80285 -1.80285 -1.80285 -1.80285 -1.87085 -2.06165 -2.34525 
-2.06165 -1.73215 -1.50005 -1.41425 -1.41425 -1.41425 -1.41425 -1.41425 -1.50005 -1.73215 -2.06165 
-1.87085 -1.50005 -1.22475 -1.11805 -1.11805 -1.11805 -1.11805 -1.11805 -1.22475 -1.50005 -1.87085 
-1.80285 -1.41425 -1.11805 -1.00005 -1.00005 -1.00005 -1.00005 -1.00005 -1.11805 -1.41425 -1.80285 
-1.80285 -1.41425 -1.11805 -1.00005 -1.00005 -1.00005 -1.00005 -1.00005 -1.11805 -1.41425 -1.80285 
-1.80285 -1.41425 -1.11805 -1.00005 -1.00005 -1.00005 -1.00005 -1.00005 -1.11805 -1.41425 -1.80285 
-1.80285 -1.41425 -1.11805 -1.00005 -1.00005 -1.00005 -1.00005 -1.00005 -1.11805 -1.41425 -1.80285 
-1.80285 -1.41425 -1.11805 -1.00005 -1.00005 -1.00005 -1.00005 -1.00005 -1.11805 -1.41425 -1.80285 
-1.87085 -1.50005 -1.22475 -1.11805 -1.11805 -1.11805 -1.11805 -1.11805 -1.22475 -1.50005 -1.87085 
-2.06165 -1.73215 -1.50005 -1.41425 -1.41425 -1.41425 -1.41425 -1.41425 -1.50005 -1.73215 -2.06165 
-2.34525 -2.06165 -1.87085 -1.80285 -1.80285 -1.80285 -1.80285 -1.80285 -1.87085 -2.06165 -2.34525 

-2.17945 -1.87085 -1.65835 -1.58115 -1.58115 -1.58115 -1.58115 -1.58115 -1.65835 -1.87085 -2.17945 
-1.87085 -1.50005 -1.22475 -1.11805 -1.11805 -1.11805 -1.11805 -1.11805 -1.22475 -1.50005 -1.87085 
-1.65835 -1.22475 -0.86605 -0.70715 -0.70715 -0.70715 -0.70715 -0.70715 -0.86605 -1.22475 -1.65835 
-1.58115 -1.11805 -0.70715 -0.50005 -0.50005 -0.50005 -0.50005 -0.50005 -0.70715 -1.11805 -1.58115 
-1.58115 -1.11805 -0.70715 -0.50005 -0.50005 -0.50005 -0.50005 -0.50005 -0.70715 -1.11805 -1.58115 
-1.58115 -1.11805 -0.70715 -0.50005 -0.50005 -0.50005 -0.50005 -0.50005 -0.70715 -1.11805 -1.58115 
-1.58115 -1.11805 -0.70715 -0.50005 -0.50005 -0.50005 -0.50005 -0.50005 -0.70715 -1.11805 -1.58115 
-1.58115 -1.11805 -0.70715 -0.50005 -0.50005 -0.50005 -0.50005 -0.50005 -0.70715 -1.11805 -1.58115 
-1.65835 -1.22475 -0.86605 -0.70715 -0.70715 -0.70715 -0.70715 -0.70715 -0.86605 -1.22475 -1.65835 
-1.87085 -1.50005 -1.22475 -1.11805 -1.11805 -1.11805 -1.11805 -1.11805 -1.22475 -1.50005 -1.87085 
-2.17945 -1.87085 -1.65835 -1.58115 -1.58115 -1.58115 -1.58115 -1.58115 -1.65835 -1.87085 -2.17945 

-2.12135 -1.80285 -1.58115 -1.50005 -1.50005 -1.50005 -1.50005 -1.50005 -1.58115 -1.80285 -2.12135 
-1.80285 -1.41425 -1.11805 -1.00005 -1.00005 -1.00005 -1.00005 -1.00005 -1.11805 -1.41425 -1.80285 
-1.58115 -1.11805 -0.70715 -0.50005 -0.50005 -0.50005 -0.50005 -0.50005 -0.70715 -1.11805 -1.58115 
-1.50005 -1.00005 -0.50005 0.00005 0.00005 0.00005 0.00005 0.00005 -0.50005 -1.00005 -1.50005 
-1.50005 -1.00005 -0.50005 0.00005 0.00005 0.00005 0.00005 0.00005 -0.50005 -1.00005 -1.50005 
-1.50005 -1.00005 -0.50005 0.00005 0.00005 0.00005 0.00005 0.00005 -0.50005 -1.00005 -1.50005 
-1.50005 -1.00005 -0.50005 0.00005 0.00005 0.00005 0.00005 0.00005 -0.50005 -1.00005 -1.50005 
-1.50005 -1.00005 -0.50005 0.00005 0.00005 0.00005 0.00005 0.00005 -0.50005 -1.00005 -1.50005 
-1.58115 -1.11805 -0.70715 -0.50005 -0.50005 -0.50005 -0.50005 -0.50005 -0.70715 -1.11805 -1.58115 
-1.80285 -1.41425 -1.11805 -1.00005 -1.00005 -1.00005 -1.00005 -1.00005 -1.11805 -1.41425 -1.80285 
-2.12135 -1.80285 -1.58115 -1.50005 -1.50005 -1.50005 -1.50005 -1.50005 -1.58115 -1.80285 -2.12135 

-2.12135 -1.80285 -1.58115 -1.50005 -1.50005 -1.50005 -1.50005 -1.50005 -1.58115 -1.80285 -2.12135 
-1.80285 -1.41425 -1.11805 -1.00005 -1.00005 -1.00005 -1.00005 -1.00005 -1.11805 -1.41425 -1.80285 
-1.58115 -1.11805 -0.70715 -0.50005 -0.50005 -0.50005 -0.50005 -0.50005 -0.70715 -1.11805 -1.58115 
-1.50005 -1.00005 -0.50005 0.00005 0.00005 0.00005 0.00005 0.00005 -0.50005 -1.00005 -1.50005 
-1.50005 -1.00005 -0.50005 0.00005 0.50005 0.50005 0.50005 0.00005 -0.50005 -1.00005 -1.50005 
-1.50005 -1.00005 -0.50005 0.00005 0.50005 0.50005 0.50005 0.00005 -0.50005 -1.00005 -1.50005 
-1.50005 -1.00005 -0.50005 0.00005 0.50005 0.50005 0.50005 0.00005 -0.50005 -1.00005 -1.50005 
-1.50005 -1.00005 -0.50005 0.00005 0.00005 0.00005 0.00005 0.00005 -0.50005 -1.00005 -1.50005 
-1.58115 -1.11805 -0.70715 -0.50005 -0.50005 -0.50005 -0.50005 -0.50005 -0.70715 -1.11805 -1.58115 
-1.80285 -1.41425 -1.11805 -1.00005 -1.00005 -1.00005 -1.00005 -1.00005 -1.11805 -1.41425 -1.80285 
-2.12135 -1.80285 -1.58115 -1.50005 -1.50005 -1.50005 -1.50005 -1.50005 -1.58115 -1.80285 -2.12135 

-2.12135 -1.80285 -1.58115 -1.50005 -1.50005 -1.50005 -1.50005 -1.50005 -1.58115 -1.80285 -2.12135 
-1.80285 -1.41425 -1.11805 -1.00005 -1.00005 -1.00005 -1.00005 -1.00005 -1.11805 -1.41425 -1.80285 
-1.58115 -1.11805 -0.70715 -0.50005 -0.50005 -0.50005 -0.50005 -0.50005 -0.70715 -1.11805 -1.58115 
-1.50005 -1.00005 -0.50005 0.00005 0.00005 0.00005 0.00005 0.00005 -0.50005 -1.00005 -1.50005 
-1.50005 -1.00005 -0.50005 0.00005 0.50005 0.50005 0.50005 0.00005 -0.50005 -1.00005 -1.50005 
-1.50005 -1.00005 -0.50005 0.00005 0.50005 1.00005 0.50005 0.00005 -0.50005 -1.00005 -1.50005 
-1.50005 -1.00005 -0.50005 0.00005 0.50005 0.50005 0.50005 0.00005 -0.50005 -1.00005 -1.50005 
-1.50005 -1.00005 -0.50005 0.00005 0.00005 0.00005 0.00005 0.00005 -0.50005 -1.00005 -1.50005 
-1.58115 -1.11805 -0.70715 -0.50005 -0.50005 -0.50005 -0.50005 -0.50005 -0.70715 -1.11805 -1.58115 
-1.80285 -1.41425 -1.11805 -1.00005 -1.00005 -1.00005 -1.00005 -1.00005 -1.11805 -1.41425 -1.80285 
-2.12135 -1.80285 -1.58115 -1.50005 -1.50005 -1.50005 -1.50005 -1.50005 -1.58115 -1.80285 -2.12135 

-2.12135 -1.80285 -1.58115 -1.50005 -1.50005 -1.50005 -1.50005 -1.50005 -1.58115 -1.80285 -2.12135 
-1.80285 -1.41425 -1.11805 -1.00005 -1.00005 -1.00005 -1.00005 -1.00005 -1.11805 -1.41425 -1.80285 
-1.58115 -1.11805 -0.70715 -0.50005 -0.50005 -0.50005 -0.50005 -0.50005 -0.70715 -1.11805 -1.58115 
-1.50005 -1.00005 -0.50005 0.00005 0.00005 0.00005 0.00005 0.00005 -0.50005 -1.00005 -1.50005 
-1.50005 -1.00005 -0.50005 0.00005 0.50005 0.50005 0.50005 0.00005 -0.50005 -1.00005 -1.50005 
-1.50005 -1.00005 -0.50005 0.00005 0.50005 0.50005 0.50005 0.00005 -0.50005 -1.00005 -1.50005 
-1.50005 -1.00005 -0.50005 0.00005 0.50005 0.50005 0.50005 0.00005 -0.50005 -1.00005 -1.50005 
-1.50005 -1.00005 -0.50005 0.00005 0.00005 0.00005 0.00005 0.00005 -0.50005 -1.00005 -1.50005 
-1.58115 -1.11805 -0.70715 -0.50005 -0.50005 -0.50005 -0.50005 -0.50005 -0.70715 -1.11805 -1.58115 
-1.80285 -1.41425 -1.11805 -1.00005 -1.00005 -1.00005 -1.00005 -1.00005 -1.11805 -1.41425 -1.80285 
-2.12135 -1.80285 -1.58115 -1.50005 -1.50005 -1.50005 -1.50005 -1.50005 -1.58115 -1.80285 -2.12135 

-2.12135 -1.80285 -1.58115 -1.50005 -1.50005 -1.50005 -1.50005 -1.50005 -1.58115 -1.80285 -2.12135 
-1.80285 -1.41425 -1.11805 -1.00005 -1.00005 -1.00005 -1.00005 -1.00005 -1.11805 -1.41425 -1.80285 
-1.58115 -1.11805 -0.70715 -0.50005 -0.50005 -0.50005 -0.50005 -0.50005 -0.70715 -1.11805 -1.58115 
-1.50005 -1.00005 -0.50005 0.00005 0.00005 0.00005 0.00005 0.00005 -0.50005 -1.00005 -1.50005 
-1.50005 -1.00005 -0.50005 0.00005 0.00005 0.00005 0.00005 0.00005 -0.50005 -1.00005 -1.50005 
-1.50005 -1.00005 -0.50005 0.00005 0.00005 0.00005 0.00005 0.00005 -0.50005 -1.00005 -1.50005 
-1.50005 -1.00005 -0.50005 0.00005 0.00005 0.00005 0.00005 0.00005 -0.50005 -1.00005 -1.50005 
-1.50005 -1.00005 -0.50005 0.00005 0.00005 0.00005 0.00005 0.00005 -0.50005 -1.00005 -1.50005 
-1.58115 -1.11805 -0.70715 -0.50005 -0.50005 -0.50005 -0.50005 -0.50005 -0.70715 -1.11805 -1.58115 
-1.80285 -1.41425 -1.11805 -1.00005 -1.00005 -1.00005 -1.00005 -1.00005 -1.11805 -1.41425 -1.80285 
-2.12135 -1.80285 -1.58115 -1.50005 -1.50005 -1.50005 -1.50005 -1.50005 -1.58115 -1.80285 -2.12135 

-2.17945 -1.87085 -1.65835 -1.58115 -1.58115 -1.58115 -1.58115 -1.58115 -1.65835 -1.87085 -2.17945 
-1.87085 -1.50005 -1.22475 -1.11805 -1.11805 -1.11805 -1.11805 -1.11805 -1.22475 -1.50005 -1.87085 
-1.65835 -1.22475 -0.86605 -0.70715 -0.70715 -0.70715 -0.70715 -0.70715 -0.86605 -1.22475 -1.65835 
-1.58115 -1.11805 -0.70715 -0.50005 -0.50005 -0.50005 -0.50005 -0.50005 -0.70715 -1.11805 -1.58115 
-1.58115 -1.11805 -0.70715 -0.50005 -0.50005 -0.50005 -0.50005 -0.50005 -0.70715 -1.11805 -1.58115 
-1.58115 -1.11805 -0.70715 -0.50005 -0.50005 -0.50005 -0.50005 -0.50005 -0.70715 -1.11805 -1.58115 
-1.58115 -1.11805 -0.70715 -0.50005 -0.50005 -0.50005 -0.50005 -0.50005 -0.70715 -1.11805 -1.58115 
-1.58115 -1.11805 -0.70715 -0.50005 -0.50005 -0.50005 -0.50005 -0.50005 -0.70715 -1.11805 -1.58115 
-1.65835 -1.22475 -0.86605 -0.70715 -0.70715 -0.70715 -0.70715 -0.70715 -0.86605 -1.22475 -1.65835 
-1.87085 -1.50005 -1.22475 -1.11805 -1.11805 -1.11805 -1.11805 -1.11805 -1.22475 -1.50005 -1.87085 
-2.17945 -1.87085 -1.65835 -1.58115 -1.58115 -1.58115 -1.58115 -1.58115 -1.65835 -1.87085 -2.17945 

-2.34525 -2.06165 -1.87085 -1.80285 -1.80285 -1.80285 -1.80285 -1.80285 -1.87085 -2.06165 -2.34525 
-2.06165 -1.73215 -1.50005 -1.41425 -1.41425 -1.41425 -1.41425 -1.41425 -1.50005 -1.73215 -2.06165 
-1.87085 -1.50005 -1.22475 -1.11805 -1.11805 -1.11805 -1.11805 -1.11805 -1.22475 -1.50005 -1.87085 
-1.80285 -1.41425 -1.11805 -1.00005 -1.00005 -1.00005 -1.00005 -1.00005 -1.11805 -1.41425 -1.80285 
-1.80285 -1.41425 -1.11805 -1.00005 -1.00005 -1.00005 -1.00005 -1.00005 -1.11805 -1.41425 -1.80285 
-1.80285 -1.41425 -1.11805 -1.00005 -1.00005 -1.00005 -1.00005 -1.00005 -1.11805 -1.41425 -1.80285 
-1.80285 -1.41425 -1.11805 -1.00005 -1.00005 -1.00005 -1.00005 -1.00005 -1.11805 -1.41425 -1.80285 
-1.80285 -1.41425 -1.11805 -1.00005 -1.00005 -1.00005 -1.00005 -1.00005 -1.11805 -1.41425 -1.80285 
-1.87085 -1.50005 -1.22475 -1.11805 -1.11805 -1.11805 -1.11805 -1.11805 -1.22475 -1.50005 -1.87085 
-2.06165 -1.73215 -1.50005 -1.41425 -1.41425 -1.41425 -1.41425 -1.41425 -1.50005 -1.73215 -2.06165 
-2.34525 -2.06165 -1.87085 -1.80285 -1.80285 -1.80285 -1.80285 -1.80285 -1.87085 -2.06165 -2.34525 

-2.59815 -2.34525 -2.17945 -2.12135 -2.12135 -2.12135 -2.12135 -2.12135 -2.17945 -2.34525 -2.59815 
-2.34525 -2.06165 -1.87085 -1.80285 -1.80285 -1.80285 -1.80285 -1.80285 -1.87085 -2.06165 -2.34525 
-2.17945 -1.87085 -1.65835 -1.58115 -1.58115 -1.58115 -1.58115 -1.58115 -1.65835 -1.87085 -2.17945 
-2.12135 -1.80285 -1.58115 -1.50005 -1.50005 -1.50005 -1.50005 -1.50005 -1.58115 -1.80285 -2.12135 
-2.12135 -1.80285 -1.58115 -1.50005 -1.50005 -1.50005 -1.50005 -1.50005 -1.58115 -1.80285 -2.12135 
-2.12135 -1.80285 -1.58115 -1.50005 -1.50005 -1.50005 -1.50005 -1.50005 -1.58115 -1.80285 -2.12135 
-2.12135 -1.80285 -1.58115 -1.50005 -1.50005 -1.50005 -1.50005 -1.50005 -1.58115 -1.80285 -2.12135 
-2.12135 -1.80285 -1.58115 -1.50005 -1.50005 -1.50005 -1.50005 -1.50005 -1.58115 -1.80285 -2.12135 
-2.17945 -1.87085 -1.65835 -1.58115 -1.58115 -1.58115 -1.58115 -1.58115 -1.65835 -1.87085 -2.17945 
-2.34525 -2.06165 -1.87085 -1.80285 -1.80285 -1.80285 -1.80285 -1.80285 -1.87085 -2.06165 -2.34525 
-2.59815 -2.34525 -2.17945 -2.12135 -2.12135 -2.12135 -2.12135 -2.12135 -2.17945 -2.34525 -2.59815 

