9 9 9
1.732051 1.500000 1.414214 1.414214 1.414214 1.414214 1.414214 -1.500000 -1.732051 
1.500000 1.224745 1.118034 1.118034 1.118034 1.118034 1.118034 -1.224745 -1.500000 
1.414214 1.118034 1.000000 1.000000 1.000000 1.000000 1.000000 -1.118034 -1.414214 
1.414214 1.118034 1.000000 1.000000 1.000000 1.000000 1.000000 1.118034 1.414214 
1.414214 1.118034 1.000000 1.000000 1.000000 1.000000 1.000000 1.118034 1.414214 
1.414214 1.118034 1.000000 1.000000 1.000000 0.707107 0.500000 -0.707107 -1.118034 
1.414214 1.118034 1.000000 1.000000 1.000000 1.000000 1.000000 1.118034 1.414214 
1.500000 1.224745 1.118034 1.118034 1.118034 1.118034 1.118034 1.224745 1.500000 
1.732051 1.500000 1.414214 1.414214 1.414214 1.414214 1.414214 1.500000 1.732051 

1.500000 1.224745 1.118034 1.118034 1.118034 1.118034 1.118034 -1.224745 -1.500000 
1.224745 0.866025 0.707107 0.707107 0.707107 0.707107 0.707107 -0.866025 -1.224745 
1.118034 0.707107 0.500000 0.500000 0.500000 0.500000 0.500000 -0.707107 -1.118034 
1.118034 0.707107 0.500000 0.500000 0.500000 0.500000 0.500000 0.707107 1.118034 
1.118034 0.707107 0.500000 0.500000 0.500000 0.500000 0.500000 0.707107 1.118034 
1.118034 0.707107 0.500000 0.500000 0.500000 0.500000 0.500000 0.707107 1.118034 
1.118034 0.707107 0.500000 0.500000 0.500000 0.500000 0.500000 0.707107 1.118034 
1.224745 0.866025 0.707107 0.707107 0.707107 0.707107 0.707107 0.866025 1.224745 
1.500000 1.224745 1.118034 1.118034 1.118034 1.118034 1.118034 1.224745 1.500000 

1.414214 1.118034 1.000000 1.000000 1.000000 1.000000 1.000000 -1.118034 -1.414214 
1.118034 0.707107 0.500000 0.500000 0.500000 0.500000 0.500000 -0.707107 -1.118034 
1.000000 0.500000 -0.000000 0.000000 0.000000 0.000000 0.000000 -0.500000 -1.000000 
1.000000 0.500000 -0.000000 -0.000000 -0.000000 -0.000000 -0.000000 0.500000 1.000000 
1.000000 0.500000 -0.000000 -0.000000 -0.000000 -0.000000 -0.000000 0.500000 1.000000 
1.000000 0.500000 -0.000000 -0.000000 -0.000000 -0.000000 -0.000000 0.500000 1.000000 
1.000000 0.500000 -0.000000 -0.000000 -0.000000 -0.000000 -0.000000 0.500000 1.000000 
1.118034 0.707107 0.500000 0.500000 0.500000 0.500000 0.500000 0.707107 1.118034 
1.414214 1.118034 1.000000 1.000000 1.000000 1.000000 1.000000 1.118034 1.414214 

1.414214 1.118034 1.000000 1.000000 1.000000 1.000000 1.000000 1.118034 1.414214 
1.118034 0.707107 0.500000 0.500000 0.500000 0.500000 0.500000 0.707107 1.118034 
1.000000 0.500000 -0.000000 -0.000000 -0.000000 -0.000000 -0.000000 0.500000 1.000000 
-1.118034 -0.707107 -0.500000 -0.500000 -0.500000 -0.500000 -0.500000 -0.707107 -1.118034 
-1.060660 -0.612372 0.353553 -0.500000 -0.500000 -0.500000 -0.500000 -0.707107 -1.118034 
-1.118034 -0.707107 -0.500000 -0.500000 -0.500000 -0.500000 -0.500000 -0.707107 -1.118034 
1.000000 0.500000 -0.000000 -0.000000 -0.000000 -0.000000 -0.000000 0.500000 1.000000 
1.118034 0.707107 0.500000 0.500000 0.500000 0.500000 0.500000 0.707107 1.118034 
1.414214 1.118034 1.000000 1.000000 1.000000 0.707107 0.500000 -0.707107 -1.118034 

1.414214 1.118034 1.000000 1.000000 1.000000 1.000000 1.000000 1.118034 1.414214 
1.118034 0.707107 0.500000 0.500000 0.500000 0.500000 0.500000 0.707107 1.118034 
1.000000 0.500000 -0.000000 -0.000000 -0.000000 -0.000000 -0.000000 0.500000 1.000000 
-1.060660 -0.612372 0.353553 -0.500000 -0.500000 -0.500000 0.353553 -0.612372 -1.060660 
-1.414214 -1.118034 -1.000000 -1.000000 -1.000000 -1.000000 -1.000000 -1.118034 -1.414214 
-1.118034 -0.707107 -0.500000 -0.500000 -0.500000 -0.500000 -0.500000 -0.707107 -1.118034 
1.000000 0.500000 -0.000000 -0.000000 -0.000000 -0.000000 -0.000000 0.500000 1.000000 
1.118034 0.707107 0.500000 0.500000 0.500000 0.500000 0.500000 0.707107 1.118034 
1.414214 1.118034 1.000000 1.000000 1.000000 1.000000 1.000000 1.118034 1.414214 

1.414214 1.118034 1.000000 1.000000 1.000000 1.000000 1.000000 1.118034 1.414214 
1.118034 0.707107 0.500000 0.500000 0.500000 0.500000 0.500000 0.707107 1.118034 
1.000000 0.500000 -0.000000 -0.000000 -0.000000 -0.000000 -0.000000 0.500000 1.000000 
-1.118034 -0.707107 -0.500000 -0.500000 -0.500000 -0.500000 -0.500000 -0.707107 -1.118034 
-1.118034 -0.707107 -0.500000 -0.500000 -0.500000 -0.500000 0.353553 -0.612372 -1.060660 
-1.118034 -0.707107 -0.500000 -0.500000 -0.500000 -0.500000 -0.500000 -0.707107 -1.118034 
1.000000 0.500000 -0.000000 -0.000000 -0.000000 -0.000000 -0.000000 0.500000 1.000000 
1.118034 0.707107 0.500000 0.500000 0.500000 0.500000 0.500000 0.707107 1.118034 
-1.118034 -0.707107 0.500000 0.707107 1.000000 1.000000 1.000000 1.118034 1.414214 

1.414214 1.118034 1.000000 1.000000 1.000000 1.000000 1.000000 -1.118034 -1.414214 
1.118034 0.707107 0.500000 0.500000 0.500000 0.500000 0.500000 0.707107 1.118034 
1.000000 0.500000 -0.000000 0.000000 0.000000 0.000000 0.000000 -0.500000 -1.000000 
1.000000 0.500000 -0.000000 -0.000000 -0.000000 -0.000000 -0.000000 0.500000 1.000000 
1.000000 0.500000 -0.000000 -0.000000 -0.000000 -0.000000 -0.000000 0.500000 1.000000 
1.000000 0.500000 -0.000000 -0.000000 -0.000000 -0.000000 -0.000000 0.500000 1.000000 
1.000000 0.500000 -0.000000 0.000000 0.000000 0.000000 -0.000000 0.500000 1.000000 
1.118034 0.707107 0.500000 0.500000 0.500000 0.500000 0.500000 0.707107 1.118034 
1.414214 1.118034 1.000000 1.000000 1.000000 1.000000 1.000000 1.118034 1.414214 

1.500000 1.224745 1.118034 1.118034 1.118034 1.118034 1.118034 -1.224745 -1.500000 
1.224745 0.866025 0.707107 0.707107 0.707107 0.707107 0.707107 -0.866025 -1.224745 
1.118034 0.707107 0.500000 0.500000 0.500000 0.500000 0.500000 0.707107 1.118034 
1.118034 0.707107 0.500000 0.500000 0.500000 0.500000 0.500000 0.707107 1.118034 
1.118034 0.707107 0.500000 0.500000 0.500000 0.500000 0.500000 0.707107 1.118034 
1.118034 0.707107 0.500000 0.500000 0.500000 0.500000 0.500000 0.707107 1.118034 
1.118034 0.707107 0.500000 0.500000 0.500000 0.500000 0.500000 0.707107 1.118034 
1.224745 0.866025 0.707107 0.707107 0.707107 0.707107 0.707107 0.866025 1.224745 
1.500000 1.224745 1.118034 1.118034 1.118034 1.118034 1.118034 1.224745 1.500000 

1.732051 1.500000 1.414214 1.414214 1.414214 1.414214 1.414214 -1.500000 -1.732051 
1.500000 1.224745 1.118034 1.118034 1.118034 1.118034 1.118034 -1.224745 -1.500000 
1.414214 1.118034 1.000000 1.000000 1.000000 1.000000 1.000000 1.118034 1.414214 
1.414214 1.118034 1.000000 1.000000 1.000000 1.000000 1.000000 1.118034 1.414214 
1.414214 1.118034 1.000000 1.000000 1.000000 1.000000 1.000000 1.118034 1.414214 
-1.118034 -0.707107 0.500000 0.707107 1.000000 1.000000 1.000000 1.118034 1.414214 
1.414214 1.118034 1.000000 1.000000 1.000000 1.000000 1.000000 1.118034 1.414214 
1.500000 1.224745 1.118034 1.118034 1.118034 1.118034 1.118034 1.224745 1.500000 
1.732051 1.500000 1.414214 1.414214 1.414214 1.414214 1.414214 1.500000 1.732051 

